{
  "advancedEditorSelectedIdentifier" : "ProjectBrowser",
  "openSceneRelativePaths" : [
    "Immersive.usda"
  ],
  "recentIdentifiers" : {
    "AF09ED6F-1707-48FD-8720-65B998362C09" : [

    ]
  },
  "sceneCameraHistory" : {
    "AF09ED6F-1707-48FD-8720-65B998362C09" : [
      {
        "date" : 717397982.58770597,
        "title" : "Untitled",
        "transform" : [
          1,
          0,
          0,
          0,
          0,
          0.86602580547332764,
          -0.49999937415122986,
          0,
          0,
          0.49999937415122986,
          0.86602580547332764,
          0,
          0,
          2.804438591003418,
          3.9051129817962646,
          1
        ]
      },
      {
        "date" : 717397944.84529305,
        "title" : "Untitled",
        "transform" : [
          1,
          0,
          0,
          0,
          0,
          0.86602580547332764,
          -0.49999937415122986,
          0,
          0,
          0.49999937415122986,
          0.86602580547332764,
          0,
          0,
          1.9493955373764038,
          2.4241299629211426,
          1
        ]
      },
      {
        "date" : 717397875.88222098,
        "title" : "Untitled",
        "transform" : [
          1,
          0,
          0,
          0,
          0,
          0.86602580547332764,
          -0.49999937415122986,
          0,
          0,
          0.49999937415122986,
          0.86602580547332764,
          0,
          0,
          1.5110745429992676,
          1.8790651559829712,
          1
        ]
      },
      {
        "date" : 717397848.74154603,
        "title" : "Untitled",
        "transform" : [
          1,
          0,
          -0,
          0,
          -0,
          0.86602580547332764,
          -0.49999937415122986,
          0,
          0,
          0.49999937415122986,
          0.86602580547332764,
          0,
          0,
          3.7808976173400879,
          4.4313673973083496,
          1
        ]
      }
    ]
  }
}