{
  "advancedEditorSelectedIdentifier" : "ProjectBrowser",
  "openSceneRelativePaths" : [
    "Immersive.usda",
    "ToyDrummer.usda"
  ],
  "recentIdentifiers" : {
    "4F4D1A24-6EFA-4AB1-86BC-E9394F01BF5E" : [

    ]
  },
  "sceneCameraHistory" : {
    "4F4D1A24-6EFA-4AB1-86BC-E9394F01BF5E" : [
      {
        "date" : 728568742.1227,
        "title" : "Untitled",
        "transform" : [
          0.95518994,
          -1.4355609e-09,
          -0.29599372,
          0,
          -0.24691747,
          0.5514645,
          -0.79681784,
          0,
          0.16323003,
          0.83419836,
          0.5267533,
          0,
          0.07131874,
          0.36447927,
          0.23014994,
          1
        ]
      },
      {
        "date" : 728568738.95126,
        "title" : "Untitled",
        "transform" : [
          0.99837875,
          -1.4630936e-09,
          0.056921884,
          0,
          0.047297474,
          0.5563935,
          -0.8295717,
          0,
          -0.031670947,
          0.830919,
          0.5554914,
          0,
          -0.008823589,
          0.23149554,
          0.15476091,
          1
        ]
      },
      {
        "date" : 728568493.802895,
        "title" : "Untitled",
        "transform" : [
          0.997651,
          -2.284323e-09,
          0.06850216,
          0,
          0.02275806,
          0.9432005,
          -0.33144355,
          0,
          -0.064611256,
          0.33222395,
          0.94098485,
          0,
          -0.018000819,
          0.0925582,
          0.26216012,
          1
        ]
      },
      {
        "date" : 728568487.71284,
        "title" : "Untitled",
        "transform" : [
          0.9970516,
          -1.5213866e-09,
          0.076732,
          0,
          0.0565634,
          0.6757235,
          -0.73498183,
          0,
          -0.051849607,
          0.73715514,
          0.6737312,
          0,
          -0.014445401,
          0.20537278,
          0.18770278,
          1
        ]
      },
      {
        "date" : 728568483.893993,
        "title" : "Untitled",
        "transform" : [
          0.99883443,
          -5.389139e-10,
          0.048266184,
          0,
          0.0031298427,
          0.99789524,
          -0.064769894,
          0,
          -0.0481646,
          0.064845495,
          0.99673223,
          0,
          -0.013418747,
          0.01806607,
          0.27769145,
          1
        ]
      },
      {
        "date" : 728568480.908724,
        "title" : "Untitled",
        "transform" : [
          0.99999994,
          0,
          0,
          0,
          0,
          0.8660254,
          -0.49999994,
          0,
          0,
          0.49999994,
          0.8660254,
          0,
          0,
          0.13930091,
          0.2412763,
          1
        ]
      },
      {
        "date" : 728568475.724171,
        "title" : "Untitled",
        "transform" : [
          0.99999994,
          0,
          -0,
          0,
          -0,
          0.8660254,
          -0.49999994,
          0,
          0,
          0.49999994,
          0.8660254,
          0,
          0,
          0.24890569,
          0.43111736,
          1
        ]
      }
    ],
    "AF09ED6F-1707-48FD-8720-65B998362C09" : [
      {
        "date" : 728568402.201641,
        "title" : "Untitled",
        "transform" : [
          0.99999994,
          0,
          -0,
          0,
          -0,
          0.86602575,
          -0.4999995,
          0,
          0,
          0.4999995,
          0.86602575,
          0,
          0,
          4.3072395,
          5.3430185,
          1
        ]
      }
    ]
  },
  "selectedSceneRelativePath" : "ToyDrummer.usda"
}