{
  "advancedEditorSelectedIdentifier" : "ProjectBrowser",
  "openSceneRelativePaths" : [
    "Immersive.usda",
    "Scene.usda",
    "SolarSystem.usda"
  ],
  "recentIdentifiers" : {
    "B7D35503-307F-4850-9C50-C9463B8C2D8F" : [

    ]
  },
  "sceneCameraHistory" : {
    "AF09ED6F-1707-48FD-8720-65B998362C09" : [
      {
        "date" : 727844838.102056,
        "title" : "Untitled",
        "transform" : [
          1,
          0,
          0,
          0,
          0,
          0.86602443,
          -0.5000016,
          0,
          0,
          0.5000016,
          0.86602443,
          0,
          0,
          9.2236595,
          13.858509,
          1
        ]
      },
      {
        "date" : 727844835.930667,
        "title" : "Untitled",
        "transform" : [
          1,
          0,
          -0,
          0,
          -0,
          0.86602443,
          -0.5000016,
          0,
          0,
          0.5000016,
          0.86602443,
          0,
          0,
          4.0342407,
          4.8701715,
          1
        ]
      }
    ],
    "B7D35503-307F-4850-9C50-C9463B8C2D8F" : [
      {
        "date" : 727851271.478777,
        "title" : "Untitled",
        "transform" : [
          0.81822205,
          1.1546166e-07,
          -0.5749023,
          0,
          -0.31151068,
          0.8404755,
          -0.44335327,
          0,
          0.48319122,
          0.5418496,
          0.6876956,
          0,
          0.17250031,
          0.16440874,
          0.2554887,
          1
        ]
      },
      {
        "date" : 727851265.156684,
        "title" : "Untitled",
        "transform" : [
          0.81822205,
          1.1546166e-07,
          -0.5749023,
          0,
          -0.31151068,
          0.8404755,
          -0.44335327,
          0,
          0.48319122,
          0.5418496,
          0.6876956,
          0,
          0.17250036,
          0.16440873,
          0.2554887,
          1
        ]
      },
      {
        "date" : 727848449.582407,
        "title" : "Untitled",
        "transform" : [
          0.8182219,
          9.9449416e-08,
          -0.5749024,
          0,
          -0.31151074,
          0.84047544,
          -0.44335315,
          0,
          0.48319134,
          0.54184955,
          0.68769544,
          0,
          0.17250042,
          0.16440876,
          0.25548866,
          1
        ]
      },
      {
        "date" : 727848443.911342,
        "title" : "Untitled",
        "transform" : [
          0.81822187,
          6.616101e-08,
          -0.5749025,
          0,
          -0.31151077,
          0.84047544,
          -0.4433532,
          0,
          0.4831914,
          0.5418496,
          0.68769544,
          0,
          0.17250039,
          0.16440877,
          0.25548866,
          1
        ]
      },
      {
        "date" : 727848273.302627,
        "title" : "Untitled",
        "transform" : [
          0.8182218,
          -2.8666136e-09,
          -0.57490253,
          0,
          -0.31151077,
          0.8404754,
          -0.44335333,
          0,
          0.48319146,
          0.54184973,
          0.6876954,
          0,
          0.33188167,
          0.37217128,
          0.47234583,
          1
        ]
      },
      {
        "date" : 727848262.595705,
        "title" : "Untitled",
        "transform" : [
          0.020141913,
          0.09667077,
          0.9951126,
          0,
          0.6014339,
          0.79391617,
          -0.08929898,
          0,
          -0.7986685,
          0.60029316,
          -0.042150047,
          0,
          -0.045579474,
          0.029710725,
          -0.0022040536,
          1
        ]
      },
      {
        "date" : 727848258.005717,
        "title" : "Untitled",
        "transform" : [
          0.6895944,
          0.09667081,
          0.7177147,
          0,
          0.38199133,
          0.79341584,
          -0.47389206,
          0,
          -0.61525786,
          0.6009542,
          0.5102077,
          0,
          -0.32122412,
          0.1837594,
          0.6036338,
          1
        ]
      },
      {
        "date" : 727848252.215332,
        "title" : "Untitled",
        "transform" : [
          -0.80831856,
          0.09667081,
          0.5807545,
          0,
          0.47735074,
          -0.4697761,
          0.7425945,
          0,
          0.34461182,
          0.87747663,
          0.33358288,
          0,
          -0.027715689,
          0.26831436,
          0.5496255,
          1
        ]
      },
      {
        "date" : 727848245.510212,
        "title" : "Untitled",
        "transform" : [
          0.9351115,
          -6.918192e-08,
          -0.3543536,
          0,
          -0.1426031,
          0.91545,
          -0.37631857,
          0,
          0.32439303,
          0.40243176,
          0.85604775,
          0,
          -0.027715689,
          0.26831436,
          0.5496255,
          1
        ]
      },
      {
        "date" : 727845033.834222,
        "title" : "Untitled",
        "transform" : [
          1,
          0,
          0,
          0,
          0,
          0.8660254,
          -0.5,
          0,
          0,
          0.5,
          0.8660254,
          0,
          -1.3931746e-05,
          0.30850923,
          0.528841,
          1
        ]
      }
    ],
    "D66134B1-3681-4A8E-AFE5-29F257229F3B" : [
      {
        "date" : 727844846.84071,
        "title" : "Untitled",
        "transform" : [
          1,
          0,
          -0,
          0,
          -0,
          0.8660254,
          -0.5,
          0,
          0,
          0.5,
          0.8660254,
          0,
          0,
          0.2327792,
          0.40338546,
          1
        ]
      }
    ]
  },
  "selectedSceneRelativePath" : "SolarSystem.usda"
}