{
  "advancedEditorSelectedIdentifier" : "ProjectBrowser",
  "openSceneRelativePaths" : [
    "Immersive.usda",
    "Scene.usda",
    "SolarSystem.usda"
  ],
  "recentIdentifiers" : {
    "B7D35503-307F-4850-9C50-C9463B8C2D8F" : [

    ]
  },
  "sceneCameraHistory" : {
    "AF09ED6F-1707-48FD-8720-65B998362C09" : [
      {
        "date" : 727844838.102056,
        "title" : "Untitled",
        "transform" : [
          1,
          0,
          0,
          0,
          0,
          0.86602443,
          -0.5000016,
          0,
          0,
          0.5000016,
          0.86602443,
          0,
          0,
          9.2236595,
          13.858509,
          1
        ]
      },
      {
        "date" : 727844835.930667,
        "title" : "Untitled",
        "transform" : [
          1,
          0,
          -0,
          0,
          -0,
          0.86602443,
          -0.5000016,
          0,
          0,
          0.5000016,
          0.86602443,
          0,
          0,
          4.0342407,
          4.8701715,
          1
        ]
      }
    ],
    "B7D35503-307F-4850-9C50-C9463B8C2D8F" : [
      {
        "date" : 727873048.125631,
        "title" : "Untitled",
        "transform" : [
          0.9998651,
          1.402425e-09,
          -0.01642463,
          0,
          -0.009737742,
          0.80529565,
          -0.5927935,
          0,
          0.013226674,
          0.59287333,
          0.8051871,
          0,
          0.08768693,
          0.5669727,
          0.7186367,
          1
        ]
      },
      {
        "date" : 727860492.208288,
        "title" : "Untitled",
        "transform" : [
          0.9998651,
          1.402425e-09,
          -0.01642463,
          0,
          -0.009737742,
          0.80529565,
          -0.5927935,
          0,
          0.013226674,
          0.59287333,
          0.8051871,
          0,
          0.08182096,
          0.5965849,
          0.7561701,
          1
        ]
      },
      {
        "date" : 727860487.474045,
        "title" : "Untitled",
        "transform" : [
          0.97726566,
          1.3498234e-09,
          -0.21201861,
          0,
          -0.1373804,
          0.76167107,
          -0.63323283,
          0,
          0.16148844,
          0.64796376,
          0.744355,
          0,
          0.21911858,
          0.64830333,
          0.68270874,
          1
        ]
      },
      {
        "date" : 727860458.649435,
        "title" : "Untitled",
        "transform" : [
          0.9976433,
          -1.7793738e-09,
          -0.06861415,
          0,
          -0.034431994,
          0.86497176,
          -0.5006379,
          0,
          0.059349302,
          0.50182045,
          0.8629333,
          0,
          0.12533754,
          0.5107151,
          0.8110869,
          1
        ]
      },
      {
        "date" : 727860276.152613,
        "title" : "Untitled",
        "transform" : [
          0.9976433,
          -1.7793738e-09,
          -0.06861415,
          0,
          -0.034431994,
          0.86497176,
          -0.5006379,
          0,
          0.059349302,
          0.50182045,
          0.8629333,
          0,
          0.17495438,
          0.7128899,
          1.1321687,
          1
        ]
      },
      {
        "date" : 727860215.838767,
        "title" : "Untitled",
        "transform" : [
          0.9976433,
          -1.7793738e-09,
          -0.06861415,
          0,
          -0.034431994,
          0.86497176,
          -0.5006379,
          0,
          0.059349302,
          0.50182045,
          0.8629333,
          0,
          0.4331103,
          1.7648026,
          2.8027527,
          1
        ]
      },
      {
        "date" : 727860107.311311,
        "title" : "Untitled",
        "transform" : [
          0.9976433,
          -1.7793738e-09,
          -0.06861415,
          0,
          -0.034431994,
          0.86497176,
          -0.5006379,
          0,
          0.059349302,
          0.50182045,
          0.8629333,
          0,
          0.3084699,
          1.2569281,
          1.9961771,
          1
        ]
      },
      {
        "date" : 727860058.371478,
        "title" : "Untitled",
        "transform" : [
          0.9931351,
          -1.4021047e-09,
          -0.116973154,
          0,
          -0.051390026,
          0.898325,
          -0.43631577,
          0,
          0.10507991,
          0.4393317,
          0.8921581,
          0,
          0.41484636,
          1.1113036,
          2.0621958,
          1
        ]
      },
      {
        "date" : 727859954.221214,
        "title" : "Untitled",
        "transform" : [
          0.9992795,
          -3.115202e-09,
          -0.03795366,
          0,
          -0.03228155,
          0.52589136,
          -0.849939,
          0,
          0.019959504,
          0.8505518,
          0.52551246,
          0,
          0.21549745,
          2.0578034,
          1.1742021,
          1
        ]
      },
      {
        "date" : 727859911.841076,
        "title" : "Untitled",
        "transform" : [
          0.96773463,
          -6.823316e-09,
          -0.25197145,
          0,
          -0.16254835,
          0.764093,
          -0.62429166,
          0,
          0.19252962,
          0.64510626,
          0.7394391,
          0,
          0.5202923,
          1.7639686,
          1.94483,
          1
        ]
      }
    ],
    "D66134B1-3681-4A8E-AFE5-29F257229F3B" : [
      {
        "date" : 727844846.84071,
        "title" : "Untitled",
        "transform" : [
          1,
          0,
          -0,
          0,
          -0,
          0.8660254,
          -0.5,
          0,
          0,
          0.5,
          0.8660254,
          0,
          0,
          0.2327792,
          0.40338546,
          1
        ]
      }
    ]
  },
  "selectedSceneRelativePath" : "SolarSystem.usda"
}